-105 -80
-106 -79
-118 -79
-119 -78
-120 -78
-121 -77
-123 -77
-124 -76
-126 -76
-127 -75
-129 -75
-130 -74
-131 -74
-136 -69
-137 -69
-144 -62
-144 -61
-145 -60
-145 -59
-146 -58
-146 -57
-150 -53
-150 -52
-151 -51
-151 -48
-152 -47
-152 -42
-153 -41
-153 -29
-152 -28
-152 -24
-151 -23
-151 -19
-150 -18
-150 -16
-149 -15
-149 -14
-147 -12
-147 -11
-146 -10
-146 -9
-144 -7
-144 -6
-139 -1
-138 -1
-137 0
-137 1
-133 5
-132 5
-131 6
-130 6
-129 7
-128 7
-127 8
-124 8
-123 9
-122 9
-121 10
-120 10
-118 12
-117 12
-116 13
-116 14
-115 14
-114 15
-113 15
-112 16
-111 16
-109 18
-108 18
-107 19
-106 19
-105 20
-103 20
-102 21
-101 21
-99 23
-98 23
-97 24
-96 24
-95 25
-95 26
-94 26
-93 27
-92 27
-90 29
-89 29
-88 30
-86 30
-85 31
-84 31
-83 32
-82 32
-80 34
-79 34
-78 35
-78 36
-77 36
-76 37
-75 37
-74 38
-73 38
-72 39
-71 39
-70 40
-69 40
-68 41
-67 41
-66 42
-65 42
-64 43
-63 43
-61 45
-61 46
-60 46
-59 47
-57 47
-56 48
-55 48
-54 49
-53 49
-51 51
-50 51
-49 52
-48 52
-47 53
-45 53
-44 54
-44 55
-43 55
-41 57
-40 57
-39 58
-38 58
-37 59
-36 59
-35 60
-33 60
-31 62
-30 62
-29 63
-29 64
-28 64
-27 65
-26 65
-24 67
-22 67
-21 68
-20 68
-19 69
-18 69
-17 70
-16 70
-15 71
-15 72
-14 73
-12 73
-11 74
-10 74
-9 75
-8 75
-7 76
-6 76
-4 78
-4 79
-2 79
-1 80
0 80
1 81
2 81
3 82
4 82
6 84
8 84
9 85
9 86
10 86
11 87
12 87
13 88
14 88
15 89
16 89
17 90
18 90
19 91
20 91
21 92
21 93
22 93
23 94
25 94
27 96
28 96
29 97
30 97
31 98
33 98
34 99
34 100
35 100
37 102
38 102
39 103
41 103
44 106
44 107
45 108
47 108
48 109
50 109
51 110
53 110
54 111
57 111
58 112
58 113
60 113
61 114
77 114
78 113
80 113
80 112
81 111
83 111
84 110
86 110
87 109
89 109
90 108
93 108
95 106
96 106
96 105
99 102
100 102
102 100
102 99
103 98
104 98
106 96
106 95
108 93
108 90
110 88
110 87
111 86
111 85
112 84
112 83
113 82
113 80
114 79
114 76
113 75
114 74
114 72
115 71
115 66
114 65
114 60
115 59
115 54
114 53
114 50
115 49
115 44
114 43
114 40
115 39
115 34
114 33
114 30
115 29
115 24
114 23
114 19
115 18
115 15
114 14
114 9
115 8
115 5
114 4
114 0
115 -1
115 -5
114 -6
114 -10
115 -11
115 -14
114 -15
114 -20
115 -21
115 -29
114 -30
114 -33
113 -34
113 -42
110 -45
110 -46
109 -47
109 -49
108 -50
108 -51
107 -51
106 -52
106 -53
105 -54
105 -55
101 -59
100 -59
96 -63
95 -63
92 -66
91 -66
90 -67
87 -67
86 -68
85 -68
84 -69
82 -69
81 -70
80 -70
79 -71
71 -71
70 -72
61 -72
60 -73
39 -73
38 -74
18 -74
17 -75
-3 -75
-4 -76
-24 -76
-25 -77
-45 -77
-46 -78
-67 -78
-68 -79
-88 -79
-89 -80
