41 -93
21 -92
19 -90
13 -89
0 -89
-2 -91
-25 -91
-27 -89
-32 -89
-34 -87
-34 -85
-36 -83
-83 -83
-95 -82
-97 -80
-107 -80
-111 -79
-113 -77
-114 -71
-119 -71
-121 -68
-127 -67
-130 -64
-133 -64
-135 -61
-140 -60
-143 -57
-149 -57
-151 -55
-151 -53
-152 -51
-154 -49
-154 -47
-156 -45
-157 -40
-161 -40
-163 -38
-163 -36
-165 -34
-165 -26
-167 -24
-167 -19
-171 -15
-170 8
-167 26
-165 27
-162 28
-161 33
-157 36
-155 39
-145 41
-145 45
-144 47
-141 50
-136 51
-134 53
-132 62
-106 63
-105 68
-102 69
-101 75
-82 75
-82 71
-80 69
-77 68
-65 68
-58 69
-53 71
-52 74
-49 75
-46 78
-38 79
-37 84
-35 85
-15 85
-13 87
-4 88
5 89
5 93
7 95
17 96
42 96
47 97
48 98
81 98
83 95
90 95
90 93
92 91
96 90
106 90
114 89
122 88
124 86
130 86
133 83
133 78
135 76
140 76
140 72
142 70
142 67
144 65
144 55
146 53
151 53
151 31
149 29
148 22
148 12
151 10
150 -11
145 -12
145 -30
144 -40
142 -49
139 -53
136 -53
134 -55
133 -61
131 -67
129 -70
122 -72
119 -75
114 -76
113 -82
111 -82
108 -83
107 -84
102 -84
100 -86
91 -87
90 -90
88 -91
63 -91
61 -93
