322 95
323 94
324 94
325 94
326 94
327 95
328 95
329 95
330 95
331 96
332 96
333 96
334 96
335 96
336 97
337 97
338 97
339 97
340 98
341 98
342 99
343 99
344 99
345 100
346 101
347 101
348 102
349 103
350 103
351 104
352 105
353 106
354 107
355 108
356 109
357 110
357 111
358 112
359 113
360 114
360 115
361 116
361 117
362 118
362 119
363 120
363 121
363 122
364 123
364 124
364 125
365 126
365 127
365 128
366 129
366 130
366 131
366 132
366 133
366 134
366 135
366 136
366 137
366 138
366 139
366 140
366 141
366 142
366 143
366 144
366 145
366 146
366 147
366 148
366 149
366 150
366 151
366 152
366 153
366 154
366 155
366 156
366 157
366 158
366 159
366 160
366 161
366 162
366 163
366 164
366 165
366 166
366 167
365 168
365 169
365 170
364 171
364 172
364 173
364 174
363 175
363 176
363 177
362 178
362 179
361 180
361 181
360 182
360 183
359 184
358 185
357 186
357 187
356 188
355 189
354 190
353 191
352 192
351 193
350 193
349 194
348 195
347 196
346 196
345 197
344 197
343 198
342 198
341 199
340 199
339 199
338 200
337 200
336 200
335 201
334 201
333 202
332 201
331 201
330 202
329 202
328 202
327 201
326 201
325 201
324 201
323 201
322 201
321 201
320 201
319 201
318 201
317 201
316 200
315 200
314 200
313 200
312 199
311 199
310 199
309 198
308 198
307 197
306 197
305 196
304 195
303 195
302 194
301 193
300 192
299 191
298 190
297 189
296 188
295 187
294 186
293 185
292 184
292 183
291 182
290 181
290 180
289 179
289 178
289 177
288 176
288 175
288 174
287 173
287 172
286 171
286 170
286 169
286 168
286 167
286 166
286 165
286 164
286 163
286 162
286 161
286 160
286 159
286 158
286 157
286 156
286 155
286 154
286 153
286 152
286 151
286 150
286 149
286 148
286 147
286 146
286 145
286 144
286 143
286 142
286 141
286 140
286 139
286 138
286 137
286 136
286 135
286 134
286 133
286 132
285 131
285 130
286 129
286 128
287 127
287 126
287 125
287 124
287 123
287 122
288 121
288 120
289 119
289 118
290 117
290 116
291 115
292 114
292 113
293 112
294 111
295 110
295 109
296 108
297 107
298 106
299 106
300 105
301 104
302 103
303 102
304 101
305 101
306 100
307 100
308 99
309 98
310 98
311 98
312 97
313 97
314 96
315 96
316 96
317 96
318 96
319 96
320 95
321 95
